0 0.501 0.0907 0.0271 0.0963
0 0.718 0.8856 0.0328 0.1194
0 0.5495 0.0361 0.0302 0.0704
0 0.5372 0.3056 0.0286 0.1167
0 0.5185 0.6398 0.0286 0.1
0 0.5422 0.1574 0.0281 0.1056
0 0.3432 0.3403 0.0302 0.1083
0 0.5151 0.8532 0.0323 0.1269
0 0.4279 0.6356 0.0328 0.125
0 0.462 0.087 0.0292 0.1056
0 0.4516 0.2616 0.026 0.0972
0 0.4906 0.2745 0.0302 0.1176
0 0.6125 0.3694 0.0281 0.1019
0 0.426 0.8407 0.0333 0.1296
0 0.525 0.4667 0.0302 0.1185
0 0.6154 0.0935 0.0297 0.1037
0 0.4745 0.5273 0.049 0.2657
0 0.476 0.7866 0.0312 0.1269
0 0.4651 0.0148 0.0271 0.0278
0 0.4411 0.4097 0.0323 0.1269
1 0.2198 0.0157 0.0125 0.0296
1 0.2328 0.012 0.0115 0.0222
1 0.2146 0.3546 0.0135 0.0278
1 0.2266 0.6801 0.0115 0.0231
1 0.7716 0.3926 0.0141 0.0204
