0 0.501302 0.091204 0.027604 0.097222
0 0.717969 0.886111 0.032813 0.120370
0 0.550260 0.036574 0.030729 0.071296
0 0.537240 0.305556 0.028646 0.116667
0 0.519010 0.639815 0.028646 0.100000
0 0.542708 0.158796 0.028125 0.106481
0 0.344010 0.340741 0.030729 0.109259
0 0.515625 0.853241 0.032292 0.126852
0 0.428125 0.636574 0.033333 0.125000
0 0.462500 0.087963 0.029167 0.105556
0 0.452083 0.262037 0.026042 0.098148
0 0.491406 0.275463 0.030729 0.117593
0 0.612500 0.370370 0.028125 0.101852
0 0.426302 0.840741 0.033854 0.129630
0 0.525781 0.466667 0.030729 0.118519
0 0.615625 0.093519 0.030208 0.103704
0 0.475260 0.527315 0.049479 0.265741
0 0.476562 0.787500 0.031250 0.126852
0 0.465885 0.014815 0.027604 0.027778
0 0.441146 0.410648 0.032292 0.126852
1 0.220312 0.015741 0.012500 0.029630
1 0.233073 0.012500 0.011979 0.023148
1 0.215104 0.354630 0.013542 0.027778
1 0.226823 0.681481 0.011979 0.024074
1 0.771615 0.393981 0.014063 0.021296
