0 0.501 0.9093 0.0271 0.0963
0 0.718 0.1144 0.0328 0.1194
0 0.5495 0.9639 0.0302 0.0704
0 0.5372 0.6944 0.0286 0.1167
0 0.5185 0.3602 0.0286 0.1
0 0.5422 0.8426 0.0281 0.1056
0 0.3432 0.6597 0.0302 0.1083
0 0.5151 0.1468 0.0323 0.1269
0 0.4279 0.3644 0.0328 0.125
0 0.462 0.913 0.0292 0.1056
0 0.4516 0.7384 0.026 0.0972
0 0.4906 0.7255 0.0302 0.1176
0 0.6125 0.6306 0.0281 0.1019
0 0.426 0.1593 0.0333 0.1296
0 0.525 0.5333 0.0302 0.1185
0 0.6154 0.9065 0.0297 0.1037
0 0.4745 0.4727 0.049 0.2657
0 0.476 0.2134 0.0312 0.1269
0 0.4651 0.9852 0.0271 0.0278
0 0.4411 0.5903 0.0323 0.1269
1 0.2198 0.9843 0.0125 0.0296
1 0.2328 0.988 0.0115 0.0222
1 0.2146 0.6454 0.0135 0.0278
1 0.2266 0.3199 0.0115 0.0231
1 0.7716 0.6074 0.0141 0.0204
